top_layers: 
[12  1  9  1  7  9  4  8  9  1  4  5  1  0  8  8  3  6  4  3  3  0  3  6
  3  1  3  3  3  1  4  1  4  1  7  4  7  2  2  3  4  1  2  1  4  2  1  1
  4  1]

top_neurons: 
[ 8830  1947  7692  4600  7784  4350  1522   511  7692  1909  1522 10812
    20  3258   511   409  1370  4469  3316  3687   753  1454  1370  4469
  3687  2505  9352  9352  1370  9350   328  2069   328  1936  7784  1522
  4548 10040 10040  1370  1522  2069  3699  9350  4336  3699  1936  4600
  4336  4600]
top_layers: 
[ 1  1  4  3  3 10  7  4  3  0  8  1  4  1  7  7  2 11 11  1  0  4  3  0
  3  3  3  3  8 11  2  1  1  4  8  3  1  1  0  1  3  3  1  3  3  2  1  1
  1  1]

top_neurons: 
[ 9805    20  2347  8948  1101  2426   323  2347  1370  7374   511 10102
   328  9561  8774  5138  1325   647   647  9805  1144  4336  6690  7377
  1370  3687  6690  8948  8769   647  1325  9805  9561  2347  8769  8094
  9015  1331  3258 10397  3687  1370  2069  1370  3687  5201 10397  2069
  1331  1331]



top_layers: 
[7 7 8 3 4 7 3 3 7 3 3 1 3 3 1 7 3 2 2 2 3 8 2 4 4 4 1 6 3 1 3 7 4 6 4 1 4
 1 4 1 2 2 4 2 4 2 1 1 1 1]

top_neurons: 
[ 6277  7784   511  3687  1522  4548  9654  3920  4687  9352  1370  2505
  9352  1370  1331  7784  1370  1325 10040  8637  9654   409  8637   328
  1522  1522  9350  4469  9654    20  1370  4548   328  4469  1522  1936
   328  2069  4336  9350 10040  3699  1522 10040  4336  3699  4600  4600
  1936  2069]
top_layers: 
[ 4  7 11  6  7  1  0  3  8  3  1  8  8  3  1  3  3  1  1  4  1  3  1  3
  4  3  3  2  4  0  8  1  7  8  3  1  3  4  1  1  3  2  1  2  3  3  1  1
  1  1]

top_neurons: 
[ 2347  8774   647 10050  5138  9805  9686  1370   409  7965  9561  9164
   511  1370  9561  6690  6690  9805  2069   328  4600  8948    20  1370
  2347  8948  8094  5201   328  7377  8769  9015  8774  8769  3687 10397
  1370  2347  9805  1331  1370  1325 10397  1325  3687  3687  2069  1331
  2069  1331]


top_layers: 
[7 1 7 2 3 1 3 7 1 4 7 3 3 4 7 8 4 3 3 1 1 3 4 1 2 3 4 4 1 1 2 1 4 1 3 1 3
 0 7 6 4 4 2 2 1 2 4 1 1 1]

top_neurons: 
[ 4548 10494 10673  1800  3687  4600  1827  8774  2318  9116  4687   753
  7965  1522  7784   409  4336  9352  9654  5805  2069  3920   328  1909
  8637  1370   328  1522  8731  1331  1325  2505  1522    20  1370  7890
  9654  7374  4548  4469   328  1522  3699 10040  9350  3699  4336  1936
  4600  2069]
top_layers: 
[ 3  1  1 11  4 11  8  1  8  4  3  0  8  4  2  8  3  8 11  7  3  4  1  1
  3  3  1  8  3  3  1  3  8  1  7  1  2  1  4  1  3  3  1  0  2  0  1  3
  1  1]

top_neurons: 
[ 2642 10397  2069  1944  2347   647  9720  8973  9720  2347  7965   623
   409   328  5201   511  9352  9164   647  5138  1370   328  4600 10102
  6690  1370  9561  8769  8094  8948    20  3687  8769  1331  8774  2069
  1325  9015  2347  9805  3687  1370  1331  2317  1325  7374 10397  3687
  1331  2069]

