top_layers: 
[7 7 8 3 4 7 3 3 7 3 3 1 3 3 1 7 3 2 2 2 3 8 2 4 4 4 1 6 3 1 3 7 4 6 4 1 4
 1 4 1 2 2 4 2 4 2 1 1 1 1]

top_neurons: 
[ 6277  7784   511  3687  1522  4548  9654  3920  4687  9352  1370  2505
  9352  1370  1331  7784  1370  1325 10040  8637  9654   409  8637   328
  1522  1522  9350  4469  9654    20  1370  4548   328  4469  1522  1936
   328  2069  4336  9350 10040  3699  1522 10040  4336  3699  4600  4600
  1936  2069]
top_layers: 
[ 4  7 11  6  7  1  0  3  8  3  1  8  8  3  1  3  3  1  1  4  1  3  1  3
  4  3  3  2  4  0  8  1  7  8  3  1  3  4  1  1  3  2  1  2  3  3  1  1
  1  1]

top_neurons: 
[ 2347  8774   647 10050  5138  9805  9686  1370   409  7965  9561  9164
   511  1370  9561  6690  6690  9805  2069   328  4600  8948    20  1370
  2347  8948  8094  5201   328  7377  8769  9015  8774  8769  3687 10397
  1370  2347  9805  1331  1370  1325 10397  1325  3687  3687  2069  1331
  2069  1331]