top_layers: 
[7 1 7 2 3 1 3 7 1 4 7 3 3 4 7 8 4 3 3 1 1 3 4 1 2 3 4 4 1 1 2 1 4 1 3 1 3
 0 7 6 4 4 2 2 1 2 4 1 1 1]

top_neurons: 
[ 4548 10494 10673  1800  3687  4600  1827  8774  2318  9116  4687   753
  7965  1522  7784   409  4336  9352  9654  5805  2069  3920   328  1909
  8637  1370   328  1522  8731  1331  1325  2505  1522    20  1370  7890
  9654  7374  4548  4469   328  1522  3699 10040  9350  3699  4336  1936
  4600  2069]
top_layers: 
[ 3  1  1 11  4 11  8  1  8  4  3  0  8  4  2  8  3  8 11  7  3  4  1  1
  3  3  1  8  3  3  1  3  8  1  7  1  2  1  4  1  3  3  1  0  2  0  1  3
  1  1]

top_neurons: 
[ 2642 10397  2069  1944  2347   647  9720  8973  9720  2347  7965   623
   409   328  5201   511  9352  9164   647  5138  1370   328  4600 10102
  6690  1370  9561  8769  8094  8948    20  3687  8769  1331  8774  2069
  1325  9015  2347  9805  3687  1370  1331  2317  1325  7374 10397  3687
  1331  2069]